47922559.53382203
111775165.46440104
143761067.69518343
100407057.1072858
66701127.353371054
63804955.64522863
99008232.37454928
120574515.339408
103467740.80250363
102296589.79419422
97715891.86743347
94652967.99221087
99546673.7931619
87242560.03770916
82255004.31356153
82736805.7892974
76969545.88705783
92620575.28121251
63779379.1374323
68347269.98598863
75717830.8621605
74806060.08290346
79501023.43750192
79510506.42421131
79664729.37559667
80231910.71267761
79117771.02105947
80668809.49242206
81874599.4745416
81874599.4745416
77330390.13859782
5913004215.4389105
4306799430.157361
4509376785.354748
4241721071.366973
4140485485.144729
4255051027.396014
4143844986.2136836
3398770940.5205827
4074872136.0352497
4024612012.1315575
4217067470.3613367
4128388690.765786
3668488652.65441
3668497430.665624
3566853838.6091814
4020535137.3074694
4040894040.4761934
4036014845.8393717
4060255958.188726
3946510392.7435694
4061902055.024294
3980455938.835711
4018045554.4327173
4051108219.6527667
4037064893.466051
4007078189.7419176
4076675150.8022685
4057246700.0765886
4061522686.0276484
