667892563.6877837
10259211075.278395
9138321537.001097
9938116302.733591
7526835131.49096
985578512.421078
6620771962.108558
6281325069.176614
6107094040.879426
2839329839.792311
4903494190.536131
2897307878.360308
2498288954.9407935
2364046540.2755775
2342900952.2605
1458448850.2698069
1460037776.7218878
1472057276.9645154
1446579467.9271863
1210124480.9938967
1207778615.7982073
1157852112.8892121
1155589435.2908814
1072676247.4190807
1160193349.3280504
1085084379.2984793
1152692717.5582495
611778192.3807331
476393354.69201756
552611635.030967
570988146.1524216
466076285.0110576
568864399.1038871
568870058.0854529
557888856.844256
540811965.1441946
432805062.9620936
456025505.85512704
534830717.09190965
454083233.3830689
528299814.6628902
526674443.79923224
526642505.22922766
526680641.31435925
426431221.6968036
516472414.84990376
527972700.83659387
522498643.88270587
523303208.69224167
523472496.0803996
503455453.2932052
516526717.53087187
492870422.0696182
462308396.6203701
455215603.45536095
467064973.415752
410196447.28994983
471918817.50554746
430183060.50248134
411348300.0343851
381890602.92707
313894943.30582446
212533284.80961993
269214847.00631344
312844447.2025603
329886935.7819114
320654968.60019284
327998302.8043756
325390944.0438702
300748212.5602891
315408847.3474931
301301046.58950347
321761028.5043069
313081741.3094316
235094586.60357302
265528225.86629027
265543594.30148616
251420174.65205875
260373811.7613253
256491309.18673885
255698760.27595308
254250634.8081834
276133219.06028765
229557290.597652
230873271.72081766
236912417.36784247
250318732.85591412
181896783.89557564
205572870.15350297
206896786.85419366
172850142.002282
193270358.76923618
190124875.76400605
180279281.86378512
193242306.26314703
193274092.61341187
193174068.03925592
-512519247.6803255
269641083.5152061
252154865.25516018
110437993.8374993
272120637.4544616
265653398.23894668
260382117.99960616
268242843.02090642
274881109.2696667
257149181.89212555
342184566.7220588
301619217.642652
340046979.4878572
243232079.64706686
329253186.05541444
270565945.8563444
274765606.1101291
137030238.4382397
123041235.54647644
149524089.59759006
217602274.62522057
211078988.8253746
201706687.6552945
170109678.32479975
178300095.35724768
139938175.06902996
139938175.06902996
137338985.18728468
137351060.23936
137338985.18728468
130169115.84246108
126710860.09847774
69606832.22211704
95762270.35119274
121633673.52931562
121876630.30577163
121876197.62574677
121793099.69700012
85300628.12327287
69628854.87241903
48827790.48277405
54086409.30773465
38412808.75507251
38353778.37077854
38339487.41667324
33041447.792160608
38214625.92276771
21830096.661012556
38238949.52967266
16741099.12369798
33094426.636631776
32360675.934659816
81456389.23660843
56581518.642322004
429323916.8794855
890793931.5751601
938520295.7195691
914217423.6818652
353265490.8250662
353013984.294778
326265830.45412517
334331255.01489526
337570551.65629524
