98771284.4811094
111229951.46109508
91453867.09485659
67404362.77657434
57458328.696736395
53647471.83818667
27462476.3833714
48054329.52211711
26464052.871856052
20242729.125701066
55627094.278753676
21302964.02382519
12167189.105465677
15458533.18250294
18009567.80353706
18115063.50513069
18257233.949546114
12867200.416110823
9829664.791563803
14323059.833666086
12881667.41306164
15840433.105954787
18681704.0327399
15580519.423081031
9562498.312312448
8956030.90697171
8707245.835204883
8706074.544713961
9236189.244835446
12650301.396018986
8578633.823543748
8710607.208171062
8710927.338555316
6320187.821173079
6681508.820893088
6079894.117038266
6425066.139333006
4109996.1840535696
4306789.257159653
5587524.489892953
5600225.429113905
5734209.349226403
5017921.011016581
4625234.764838841
5015289.540264839
5529842.588317668
5730821.739549574
7000005.377053549
7603828.539510733
4802974.565766282
7727501.160792262
7515796.473297311
6317581.898292075
6517798.959108468
6974479.463952503
7151721.133099829
5844920.186305952
4433684.246312567
6078339.675731655
6104638.469525001
6167530.405270471
6149203.621234305
4474653.696921575
5172340.863222533
5630401.2116029095
5245946.937344409
5247246.970365456
5105122.399871325
5104282.446509464
4870909.365823562
5091888.890392337
4839963.587552717
4186729.4079149454
4012485.3258321807
3790805.9739217395
3875865.3901909143
2922055.0859741024
2726514.758962657
3368199.191605256
2677209.7001494346
3114707.8385622664
3690538.7487241314
12227962.169531284
16387548.703221543
16048469.384770676
12351107.828543894
9607300.024754008
8502866.377022572
8657613.776664902
9411393.43845922
6050359.161999158
9417692.295785366
4844425.9137112405
6162763.037353727
6340131.124964599
1762180.0876910908
5099531.424340183
5586550.11081333
6897649.781638307
5801191.523270344
8793669.555964965
7115390.183345482
12544369.068564953
5426797.484250438
3328846.3853747062
1963503.2589979302
2193524.5896935086
2188373.198744643
2163294.106025773
6795897.963054116
3607774.9368150174
14608199.188892562
50676451.200364105
55246869.15669979
75251875.86135808
62727199.890228845
11531741.169064729
60782926.15252744
48774442.66133887
51240503.25799751
