73129448.13003725
88404741.586414
84811260.84840778
76383530.31176847
76829035.16197982
72553579.47439979
61553516.090961054
37941137.45080708
46675902.62721859
52218996.81417271
50902295.47408411
34122949.721505515
32979106.11486004
33039045.080296412
14920089.268669143
28671621.413983047
28213437.219099525
37986932.32869931
40931090.30011777
28010281.102266256
30946623.738444075
19275415.41733244
5487622.953106602
253360.74992375023
-4674861.185462676
-7035280.801479158
-7587901.527734742
-10484055.376491427
-11050895.058054717
-10561668.280859204
-9978309.398309194
-9444447.666813854
-10072456.926472375
-9280080.50231822
-10458113.106164604
-11263967.328143446
-10251162.306535209
-10296310.171172366
-10411001.103905967
-9886902.607992072
-9942595.594734088
-8611853.891153673
-9413140.959062243
-8087445.103708693
-6782363.151498446
-6501951.641326005
-10257294.99639509
-11041282.964654954
-10317446.822655212
-10524965.173641134
-11899795.839534348
-13928982.856675692
-13858470.250278803
-14200079.567751216
-14434503.52659944
-15284856.106155196
-15309198.93799124
-15046463.714157429
-15143511.662514336
-14605887.483568732
