62204118.43155075
38288994.713989854
42079899.965156436
41346375.070350796
8358959.634351917
8151512.536746415
7437928.394856091
10143526.984799946
9417474.502382554
8033118.2769938
4508288.279066812
4266485.463879736
3668174.6995009608
3527734.5982274893
3087456.3382248334
3020732.012607377
3087456.3382248334
2153033.001208001
2127373.0060250075
2144443.0646609953
2109981.158103044
2139672.898613734
2136792.5405733674
2146852.01013466
2141432.7070598486
2333912.9937559455
2136301.4708145447
2343074.3108886764
1964951.6394711528
2016392.4579803715
1626097.3501608202
1475661.1396535975
1350974.9967221788
1714334.1608655374
1913302.2608858305
1778686.6409957833
1883251.0890286271
1862731.1848177381
1866320.6777984605
1744312.145393107
1729882.0587107302
1729691.941321235
1727741.5607425878
1465232.2613108375
1734402.3561251815
1746383.1220462183
1734793.906647554
1672503.6846747098
1739913.6855965306
1731724.3075388977
1748493.1985253908
1525044.2248732683
1510951.0979342228
1505888.3619367315
1384063.487976095
1386735.424102356
1386735.424102356
1386735.424102356
1382200.4160969786
1388535.8522356236
1646407.4783872217
2934479.930093548
1651322.5644239685
5325327.5973850945
2895870.4559079646
4077697.4057590417
2753531.4248179616
2518207.7443173146
1798169.9991386116
1426613.162752371
1539762.358050747
1841110.9418750848
2011375.5900420696
1874211.9182549303
1876236.51447955
1737058.0174107763
1870714.9935731364
2000173.0245365507
1738561.3841581447
1990137.0237124194
2058939.7401637505
2292660.281852366
2070513.7047326788
2043943.3792081028
1886702.3992129148
2011594.4185169528
2009521.064593063
2015852.329709968
1915679.0068999704
1833273.729813549
1915219.3351382266
1896026.1757575101
1874724.2624420598
1883361.9040661964
1810074.8917261169
1814071.0219377482
1796766.928817141
1814612.0941865782
1806101.076548254
1806101.076548254
1844793.310868197
1835601.751795723
1936076.7235406649
1943273.8597646204
1639208.06939563
2345199.68669207
2787590.9633773677
2476130.554971294
3037700.527039949
2743436.40243868
2710551.298553645
2824238.6028400906
2720753.4458863926
2324104.0872453847
2364763.457934576
2016656.915996455
2536650.087244797
15921895.67479528
16342515.99455468
12553259.539269045
