179606.85694837332
-12583264.4106471
-13378147.70706718
-12814670.005793622
-18549633.653802983
-20323305.991945658
-21468532.519054636
-20147065.92138044
-21703754.384923957
-21921415.44820908
-21941203.945939705
-21890385.50244443
-22311025.149041828
-22553646.169357955
-22615843.062270254
-22206710.39504895
-22601861.41503506
-22725153.319686987
-22255259.014548924
-22315271.943438385
-22704364.11503333
-22780150.050541274
-23096982.76117903
-23111482.073722724
-23349121.503480934
-23316732.57577731
-23310921.97746265
-23359186.451863784
-23373988.68964808
-23429668.978954934
-23441856.385006852
-23424009.540293436
-23467121.439412247
-23479244.738496967
-23517552.006308023
-23597242.29590051
-23568326.098279007
-23606146.787566915
-23638792.664173804
-23765624.816755656
-23732906.811072376
-23794989.43187616
-23825623.764802493
-23790234.500949662
