100148721.93068421
101059817.86127321
93999923.33411185
92004466.31368776
88979369.90593664
91600430.29121765
93233676.34284319
94296013.48368618
92893164.73651002
84142252.98088354
85120494.20728225
87329824.18732427
66861008.066582166
87809354.65797977
92432904.9511498
91977050.71675858
86262869.40189898
92659240.05116792
88820152.15303394
90754904.4181743
89621480.2109466
88464408.7840067
13302691.128583545
87916303.96344095
89071304.66880745
81482909.12809327
89371283.78554276
81686499.97607325
89287162.27607037
83497320.72471568
85402872.80529113
85546610.38359539
88928759.38187836
87963639.54554756
67956482.01416773
68314166.71726015
49508573.55832901
63822783.67850873
31992341.455607984
14829704.090184432
36150919.61899224
27920009.08551876
11206987.16672382
10767798.231861062
11375799.740244383
10991441.456046153
9104229.638509486
7893768.853801874
7524855.728950317
7371074.659717691
7101434.329532612
7033794.785689853
7044954.647362143
6934243.445782217
6802414.74419995
6673597.992638693
6768883.401087046
6162680.7720370535
6335294.606081472
6260958.513627594
6079349.963345193
6274122.367571463
6130270.470672319
5873062.644044803
5877362.639772976
5641570.508903336
6023729.4407873945
5661429.58239311
6662603.1092801085
6769736.216899511
5563795.574676524
5407024.824272599
5610598.247836827
5306861.893987058
5370818.095423329
8713224.924306476
6803991.14665545
7298580.456625183
6606739.648266257
10909739.992159495
9402398.983114917
8114680.461936808
46174567.10128652
80321896.84138572
80886976.74197967
73545313.1937241
71973817.97239412
79087038.63713849
80556700.848737
80556700.848737
78412564.23939744
78261016.7998131
77678679.98634687
80310842.79454723
80113974.66851906
80003366.07673481
79476888.53337343
78397474.59005348
76323992.72742675
82180969.86270773
80473609.96030085
80562458.11872429
78926598.5401246
77180158.69401199
76320835.79120675
93983691.69060041
71256888.66192748
67319899.89542684
97730675.0332347
57309409.83592454
91842546.24436612
90239314.19821118
83144385.73753649
80275941.34694594
86405717.9527898
86376003.62269968
86376003.62269968
86376723.65106425
78827323.81046145
85639819.03760563
85475293.5452026
85475293.5452026
85787430.0262808
88638179.72158098
90090785.8401544
82476483.01712352
87213969.97076966
87218080.60115975
87201308.09400345
87201308.09400345
85077346.00885703
85577251.95488615
85088254.55162965
84897451.8327849
85186602.27663682
85639778.91641137
85458360.11337419
84645416.28298959
85250655.08925876
84937153.19199544
84155567.83381128
84365081.14329067
84185954.46471667
85457500.51220319
84193131.36393644
85453960.86617623
79505798.34639221
83322556.18739526
82901570.71124025
82150475.743063
82584643.91431461
82720449.78872353
81298984.83778767
82720449.78872353
82720149.73219338
81805427.08665778
83361644.8222834
81569920.2814785
81993750.90460685
80935509.98752609
81980868.34021501
81931510.32111616
81240140.95423722
77351345.9776452
75659718.68473135
73521801.82167159
75434081.19381145
75093001.00726064
75661488.60651302
75570343.89569263
76428904.1782127
75811748.21967338
76152427.5689268
98620323.5302975
101597371.87950633
84462369.85049252
103561050.83958563
111177662.65920365
105138244.2659289
108907438.72516946
107895024.74249199
108977536.9430987
108977536.9430987
108977536.9430987
111271048.7333171
109580753.20343865
109038046.48214698
109270811.05422147
121392399.04896124
116682668.62821732
123737398.61194928
108831084.86276647
102741033.1967363
101989083.13308021
107840926.47399174
102197625.1591369
105759190.4425973
104870451.93835318
105805245.79346265
101053375.16929823
105557817.18704884
103634465.85556917
102128111.90866831
104124154.48112106
101615864.68842676
102625449.26742844
98704437.47871763
98047011.35057478
95918067.07930717
95906812.7011369
95916958.14957517
83980642.21864706
98903078.5063347
101686374.95575698
97961186.21674679
84412220.82481343
113342337.63853288
109335722.2591854
110634933.96358919
109604404.30808368
114039569.08535865
110752287.82568848
122711132.81005515
132037667.72361393
126846232.52475403
126476388.09247705
130317476.23991749
130729523.53502996
92805857.69188571
98358676.85448937
82709569.50026575
84967979.58707099
86308131.30865002
130349201.7982562
130043953.9001382
128232054.5958459
129878814.33438164
125977859.8445867
98408870.53024857
117582359.73675981
9977203
111791320.62285873
110436163.16896024
109353927.80912969
