107515867.9593115
103002178.3840795
111486302.41172114
110560469.36489582
110549279.60209264
111587817.58172235
110933281.49761797
110494746.4332791
108864528.37699072
108759536.21305582
107278625.27424198
94688392.34623665
92465336.9736917
96083551.8984682
96468830.86563027
87984228.44565284
89186135.02964719
93906199.02914126
94039677.14319362
90560208.6741608
89093709.92132843
89093709.92132843
92651396.43371479
89713616.16418228
90742416.2335091
92625891.70090775
91385701.8360653
91385701.8360653
89889668.55424225
89286161.03663324
88572051.40232441
88960955.32233007
90901725.55428872
89546121.07925512
89933579.96617058
89318209.89889298
88085092.71587403
85663996.5132184
87009800.8393559
87377369.29275163
84130165.5889988
85300197.93898648
85407218.32498626
84679554.533457
88844438.12600864
90364942.47746217
90085143.24192818
87898026.8305507
88971961.24533154
88651513.52169526
85516592.24556035
88610257.62922058
86344046.91528663
93416336.94789591
95269648.65630671
95100474.96265846
94430471.74509393
93892484.02579471
94573563.8752347
86946304.01244882
94577603.76482305
91170175.21454948
94436871.20180342
93032823.19543858
89812386.60580035
90617967.6629592
90617967.6629592
89214873.56556012
89233084.29418388
90253196.64690858
80539851.98512037
79659019.32675089
80809757.10731459
67807738.68878874
68832427.50649
65732971.22522324
70102884.51456782
68994436.45202492
69048898.17677295
68206717.52818899
67404926.4584597
67714205.79622716
68748957.72633952
73061503.38011059
68288047.2939835
72897066.58745982
72897066.58745982
76843206.53466874
75537959.5593402
97804998.63224724
87054441.22888304
84873716.42854428
85429324.8578664
71895567.14910528
72619061.8544829
71930871.68958387
70714555.30090249
70335025.85768752
70335025.85768752
71107726.97745496
71205042.58552212
71222335.22914463
70411724.45589595
71244005.41561034
72217504.77518302
71687984.69643135
70216641.39279237
71927641.48097914
70956454.48126411
71279302.31728576
71250485.07521932
65429302.15693856
62872539.11756476
64724734.21247506
64344107.35108266
71763127.17963359
69855244.25757523
67463025.94778149
68455662.06843713
69248736.61528653
63929877.77733444
62173934.67094357
66304203.12867307
65996540.294550784
66367349.93533493
66840337.400195904
66995366.07610161
58571943.54300551
67727087.70603251
68083037.18946679
69800410.34185362
87537356.43504612
67266331.14540175
89112753.45614372
90570185.9614256
85680536.30930091
83032331.92459263
83783718.39556453
82868432.55115974
84897604.6188687
84318019.36819789
83932197.79678494
84579329.2087495
84873023.54653147
23683687.98825035
68977792.05657236
47403785.5616641
33158577.090453863
33493802.65196914
23610690.6278423
32926078.158866342
30984419.50331401
23130962.251417574
22477213.404845778
22535259.17638165
22337418.6092589
22622679.59246667
22531736.462709498
21006747.774298843
20093414.11894861
18709994.160513785
9890853.426873352
9890853.426873352
9384252.909648666
8615981.708876517
102912873.62224427
104242638.68006435
102150115.2440468
102890673.79031442
103327044.30232902
97446562.35594927
103017353.6644169
103875323.81726214
99341654.47375226
102709302.19688782
88675391.52353685
13552929.09309588
13552929.09309588
13183069.068109429
13612241.821550773
13053205.850563247
13230615.16566278
12850270.659805596
9446663.141882472
7434841.411330928
9978876.098723613
7364283.103834045
7273902.132644784
7273902.132644784
7964112.2218165165
6269497.130414558
6490556.93532708
6401062.350844437
6457416.201549723
6265111.160239761
4426628.769082059
5788688.381272029
6466321.873986186
6449139.715827662
6453915.78844672
5750872.764757624
4771523.8712109495
5230768.235735113
5232539.237685309
4397070.244686861
5325753.294167507
5335389.451499892
4833340.030357055
5155767.665497832
4885663.475317378
4045947.63731326
4045947.63731326
3618349.611394883
3618349.611394883
3993882.351300382
4190876.541763196
4216187.867726408
4050406.746397677
4046221.700216556
4000827.4660336357
3324357.861186225
2935258.7350136437
4224261.41707236
4439456.063791759
4154235.7963419943
4426904.3386284
4457495.720290282
4575393.096867563
4386668.745321482
4466620.061145696
4741077.810220711
4695547.809843088
4759169.217018418
4759169.217018418
4747850.134392455
4758149.625581344
4758149.625581344
4580842.367345257
4580842.367345257
102928823.88099137
48536780.81964914
48310932.10252983
48073930.03
48073930.03
48071900.120000005
