113947304.54910444
108210819.49502707
86052365.0715893
112991778.77112713
121080721.93359639
54662218.75047557
120140369.86215064
114092439.03466824
110316758.83471686
89738621.01556906
89738563.48088734
93796354.73064911
91165542.6176739
91165542.6176739
90661204.00512055
86693432.26138586
86985839.47200796
88970639.3161454
88878143.17417017
88650709.139391
83195007.23513609
85862199.23748785
90869756.3711471
90473771.86685564
91317466.28359249
90354595.14052843
91084204.29384431
85819973.83506393
81747807.42434596
83136651.9873909
84155992.56979051
84806675.46591222
85078764.23122934
87492003.08404166
86935015.37175183
86046114.98604293
86299043.28184798
86916620.48921189
84317067.09303373
83964184.61505957
80739761.46778326
80739761.46778326
16490550.885549348
75334756.76282509
24473846.45640176
74986742.7648084
77335886.10269436
79010325.7893218
77190093.97444455
77190093.97444455
80860001.74246457
77796607.86780816
14301490.81564983
78504508.43269007
77750256.55604437
79840115.02493483
92512805.1975732
100527110.80793475
99008002.06508861
98727658.10972813
97642536.88286117
99253992.479137
102847061.37766163
106321779.00970697
104830852.19975413
107921625.80971774
106321779.00970697
109154523.7410524
106204412.16859548
107391958.77489378
107343442.23189716
105738373.09118494
108199180.59918456
103317677.01303717
104381925.51168127
103625793.61492448
104578098.88324948
100261908.09479731
105480539.41861716
103891581.38313718
103708804.65728536
104826922.01461552
103455369.39389223
103594976.35878015
103463178.70765926
103710986.76780179
103739821.97034618
103810150.21959324
103580784.01790775
102244722.3864741
103377140.5527465
102323737.92860965
101369787.17228311
104810167.45653468
103568062.48726082
101166690.20461237
103171613.56164531
103171613.56164531
102516738.68462996
100672348.28929858
100396282.69326355
97422381.91199943
98459463.1164294
98459463.1164294
95437174.71866605
96414543.70841831
93770035.53432022
92356033.47956756
94342754.54367201
89860394.45967698
94070460.68613578
94485312.49354666
97625496.24879105
97320139.86330211
99064446.57209462
95050514.40420687
94946508.04379056
95771857.55508149
106469961.84589252
132717282.93051976
135564456.953618
123546420.53184715
143425997.74593502
144350107.14687595
144350107.14687595
137567447.73169163
142117142.01019162
139628885.7173551
141009641.07167482
71535969.5595584
145639922.6745423
127092106.17882457
127329350.12454791
131002839.44384214
130790236.31930545
131272865.21092573
125647706.44603471
127597871.69894764
129581665.83674689
129113797.87356813
123835730.1724222
125055080.0671876
128630659.87354292
130760771.87994158
129167207.34405924
128686786.7947916
128766281.64194095
126868641.93510039
128455171.72951367
126524458.08399534
106970671.01986904
125104313.0532544
124455208.22794239
124856314.99686365
124270907.16892077
121611718.20614474
119488921.52561387
119449816.38512535
120374581.49308549
118138424.758207
119943124.72202478
117170137.96615987
115409504.91236041
115797019.24499969
111218874.54481588
116102852.68848556
114062385.99047214
114496705.83445829
112188510.01113926
115337848.211382
114803675.55607824
115544249.98964016
113393885.43431091
110366744.01064855
109449595.49103962
112520846.39550567
109449595.49103962
108711230.15921108
107973287.55823684
107627511.53245391
108366514.17313379
107323690.2936193
106878267.18782136
103678622.78970398
105914962.87071836
105041363.56661703
105977459.0752862
106538453.1473071
105090499.8002164
106656325.75547244
106402481.73531574
106951730.24964903
106640142.51000571
106640142.51000571
106097002.1256456
104844640.16404334
104844640.16404334
104272600.86044578
104215943.87643115
103811050.44885588
104284829.51348667
104251669.90455996
101972306.92602164
105929717.59596343
100401986.14409915
103134314.26090598
105273179.59884967
103857760.0045946
102762477.32562266
101897116.46017912
102747204.48303019
101171839.92655481
100491813.77911489
104005091.69448999
104125767.97882073
103931396.62908909
102469297.07476452
102284220.73795469
102284220.73795469
102979134.89869209
104274719.83798689
104368904.59333865
114147867.65789327
104745955.30573626
113811195.20702006
104434057.34785329
96127373.21317512
96560118.03190634
103453744.32359682
104818693.73641305
96757204.62922643
47649251.07751005
112345844.96228929
97427673.2834562
101150257.64396295
111742280.93835329
101778649.7812481
113282524.42704108
114574503.8582601
105575473.52684891
